%YAML:1.0
---
Camera Matrix: !!opencv-matrix
   rows: 3
   cols: 3
   dt: d
   data: [ 7.6638812645698963e+03, 0., 2.0285749653833598e+03, 0.,
       7.6309767345530381e+03, 1.5008584270796568e+03, 0., 0., 1. ]
Dist Coeffs: !!opencv-matrix
   rows: 1
   cols: 5
   dt: d
   data: [ 1.0706798097909773e-01, -2.4041676554098612e+00,
       1.7683822629517218e-04, -1.1910383955227360e-03,
       2.2333775781970520e+01 ]
board_width: 18
board_height: 15
square_size: 4.7368421554565430e+00
